date,open,high,low,close,volume,average,barCount
2025-05-01 03:15:00,23.94,23.94,23.93,23.93,0.0,0.0,2
2025-05-01 03:16:00,23.94,23.97,23.94,23.95,0.0,0.0,3
2025-05-01 03:17:00,23.96,23.96,23.93,23.96,0.0,0.0,3
2025-05-01 03:18:00,23.98,24.0,23.98,24.0,0.0,0.0,2
2025-05-01 03:19:00,24.02,24.02,24.01,24.01,0.0,0.0,2
2025-05-01 03:20:00,24.0,24.0,23.98,23.99,0.0,0.0,3
2025-05-01 03:21:00,23.98,23.98,23.98,23.98,0.0,0.0,1
2025-05-01 03:22:00,23.98,23.98,23.98,23.98,0.0,0.0,0
2025-05-01 03:23:00,24.0,24.01,24.0,24.0,0.0,0.0,3
2025-05-01 03:24:00,24.01,24.01,23.96,23.96,0.0,0.0,4
2025-05-01 03:25:00,23.95,23.95,23.95,23.95,0.0,0.0,1
2025-05-01 03:26:00,23.96,23.96,23.95,23.95,0.0,0.0,2
2025-05-01 03:27:00,23.92,23.92,23.92,23.92,0.0,0.0,1
2025-05-01 03:28:00,23.91,23.92,23.91,23.91,0.0,0.0,3
2025-05-01 03:29:00,23.92,23.92,23.89,23.89,0.0,0.0,2
2025-05-01 03:30:00,23.91,23.92,23.91,23.92,0.0,0.0,2
2025-05-01 03:31:00,23.93,23.94,23.93,23.94,0.0,0.0,2
2025-05-01 03:32:00,23.92,23.93,23.92,23.93,0.0,0.0,2
2025-05-01 03:33:00,23.92,23.92,23.9,23.91,0.0,0.0,4
2025-05-01 03:34:00,23.92,23.92,23.92,23.92,0.0,0.0,1
2025-05-01 03:35:00,23.91,23.91,23.91,23.91,0.0,0.0,1
2025-05-01 03:36:00,23.88,23.88,23.88,23.88,0.0,0.0,1
2025-05-01 03:37:00,23.89,23.89,23.89,23.89,0.0,0.0,1
2025-05-01 03:38:00,23.88,23.88,23.88,23.88,0.0,0.0,1
2025-05-01 03:39:00,23.88,23.88,23.88,23.88,0.0,0.0,0
2025-05-01 03:40:00,23.87,23.89,23.87,23.89,0.0,0.0,3
2025-05-01 03:41:00,23.9,23.9,23.9,23.9,0.0,0.0,1
2025-05-01 03:42:00,23.88,23.88,23.88,23.88,0.0,0.0,1
2025-05-01 03:43:00,23.87,23.87,23.85,23.85,0.0,0.0,3
2025-05-01 03:44:00,23.87,23.87,23.87,23.87,0.0,0.0,1
2025-05-01 03:45:00,23.88,23.89,23.87,23.89,0.0,0.0,4
2025-05-01 03:46:00,23.9,23.9,23.89,23.89,0.0,0.0,2
2025-05-01 03:47:00,23.9,23.91,23.9,23.9,0.0,0.0,3
2025-05-01 03:48:00,23.91,23.91,23.89,23.9,0.0,0.0,4
2025-05-01 03:49:00,23.91,23.91,23.91,23.91,0.0,0.0,1
2025-05-01 03:50:00,23.92,23.95,23.92,23.92,0.0,0.0,3
2025-05-01 03:51:00,23.93,23.94,23.93,23.94,0.0,0.0,2
2025-05-01 03:52:00,23.93,23.93,23.93,23.93,0.0,0.0,1
2025-05-01 03:53:00,23.92,23.92,23.92,23.92,0.0,0.0,1
2025-05-01 03:54:00,23.93,23.93,23.92,23.92,0.0,0.0,2
2025-05-01 03:55:00,23.93,23.94,23.93,23.94,0.0,0.0,2
2025-05-01 03:56:00,23.95,23.95,23.95,23.95,0.0,0.0,1
2025-05-01 03:57:00,23.94,23.94,23.94,23.94,0.0,0.0,1
2025-05-01 03:58:00,23.93,23.94,23.93,23.94,0.0,0.0,2
2025-05-01 03:59:00,23.96,23.96,23.96,23.96,0.0,0.0,1
2025-05-01 04:00:00,24.01,24.01,24.0,24.0,0.0,0.0,2
2025-05-01 04:01:00,23.98,24.0,23.98,23.99,0.0,0.0,3
2025-05-01 04:02:00,23.97,23.97,23.96,23.96,0.0,0.0,2
2025-05-01 04:03:00,23.95,24.02,23.95,24.02,0.0,0.0,4
2025-05-01 04:04:00,24.06,24.07,24.06,24.07,0.0,0.0,2
2025-05-01 04:05:00,24.08,24.1,24.08,24.09,0.0,0.0,4
2025-05-01 04:06:00,24.1,24.11,24.1,24.11,0.0,0.0,2
2025-05-01 04:07:00,24.12,24.13,24.12,24.13,0.0,0.0,2
2025-05-01 04:08:00,24.12,24.12,24.11,24.11,0.0,0.0,2
2025-05-01 04:09:00,24.1,24.11,24.1,24.11,0.0,0.0,2
2025-05-01 04:10:00,24.1,24.1,24.09,24.1,0.0,0.0,3
2025-05-01 04:11:00,24.11,24.11,24.11,24.11,0.0,0.0,1
2025-05-01 04:12:00,24.1,24.1,24.1,24.1,0.0,0.0,1
2025-05-01 04:13:00,24.06,24.06,24.05,24.05,0.0,0.0,2
2025-05-01 04:14:00,24.05,24.05,24.05,24.05,0.0,0.0,0
2025-05-01 04:15:00,24.06,24.06,24.04,24.04,0.0,0.0,2
2025-05-01 04:16:00,24.02,24.02,24.0,24.0,0.0,0.0,3
2025-05-01 04:17:00,24.02,24.05,24.02,24.03,0.0,0.0,3
2025-05-01 04:18:00,24.02,24.02,24.0,24.01,0.0,0.0,3
2025-05-01 04:19:00,24.03,24.03,24.0,24.01,0.0,0.0,4
2025-05-01 04:20:00,24.0,24.01,24.0,24.01,0.0,0.0,2
2025-05-01 04:21:00,24.0,24.0,24.0,24.0,0.0,0.0,1
2025-05-01 04:22:00,23.99,24.0,23.99,24.0,0.0,0.0,2
2025-05-01 04:23:00,23.99,24.0,23.99,24.0,0.0,0.0,2
2025-05-01 04:24:00,24.01,24.01,24.01,24.01,0.0,0.0,1
2025-05-01 04:25:00,24.02,24.02,23.99,24.0,0.0,0.0,4
2025-05-01 04:26:00,24.01,24.01,24.01,24.01,0.0,0.0,1
2025-05-01 04:27:00,24.02,24.02,23.99,23.99,0.0,0.0,2
2025-05-01 04:28:00,23.98,23.98,23.98,23.98,0.0,0.0,1
2025-05-01 04:29:00,23.95,23.95,23.95,23.95,0.0,0.0,1
2025-05-01 04:30:00,23.96,23.96,23.91,23.95,0.0,0.0,3
2025-05-01 04:31:00,23.96,23.97,23.96,23.96,0.0,0.0,3
2025-05-01 04:32:00,23.97,23.97,23.97,23.97,0.0,0.0,1
2025-05-01 04:33:00,23.99,23.99,23.99,23.99,0.0,0.0,1
2025-05-01 04:34:00,23.97,23.97,23.96,23.96,0.0,0.0,2
2025-05-01 04:35:00,23.97,24.0,23.97,24.0,0.0,0.0,4
2025-05-01 04:36:00,23.97,23.97,23.94,23.94,0.0,0.0,2
2025-05-01 04:37:00,23.95,23.95,23.92,23.92,0.0,0.0,3
2025-05-01 04:38:00,23.88,23.92,23.88,23.92,0.0,0.0,3
2025-05-01 04:39:00,23.91,23.92,23.91,23.92,0.0,0.0,2
2025-05-01 04:40:00,23.9,23.9,23.9,23.9,0.0,0.0,1
2025-05-01 04:41:00,23.89,23.9,23.89,23.9,0.0,0.0,2
2025-05-01 04:42:00,23.89,23.9,23.89,23.9,0.0,0.0,2
2025-05-01 04:43:00,23.91,23.91,23.9,23.9,0.0,0.0,2
2025-05-01 04:44:00,23.9,23.9,23.9,23.9,0.0,0.0,0
2025-05-01 04:45:00,23.91,23.91,23.89,23.89,0.0,0.0,3
2025-05-01 04:46:00,23.87,23.87,23.85,23.85,0.0,0.0,3
2025-05-01 04:47:00,23.84,23.84,23.84,23.84,0.0,0.0,1
2025-05-01 04:48:00,23.82,23.82,23.81,23.82,0.0,0.0,3
2025-05-01 04:49:00,23.85,23.86,23.85,23.86,0.0,0.0,2
2025-05-01 04:50:00,23.85,23.86,23.85,23.86,0.0,0.0,2
2025-05-01 04:51:00,23.87,23.89,23.87,23.87,0.0,0.0,4
2025-05-01 04:52:00,23.88,23.88,23.88,23.88,0.0,0.0,1
2025-05-01 04:53:00,23.87,23.88,23.87,23.88,0.0,0.0,2
2025-05-01 04:54:00,23.87,23.87,23.86,23.86,0.0,0.0,2
2025-05-01 04:55:00,23.84,23.84,23.84,23.84,0.0,0.0,1
2025-05-01 04:56:00,23.83,23.86,23.83,23.86,0.0,0.0,2
2025-05-01 04:57:00,23.85,23.85,23.84,23.85,0.0,0.0,3
2025-05-01 04:58:00,23.84,23.84,23.84,23.84,0.0,0.0,1
2025-05-01 04:59:00,23.83,23.83,23.82,23.82,0.0,0.0,2
2025-05-01 05:00:00,23.82,23.82,23.82,23.82,0.0,0.0,0
2025-05-01 05:01:00,23.81,23.81,23.81,23.81,0.0,0.0,1
2025-05-01 05:02:00,23.8,23.8,23.8,23.8,0.0,0.0,1
2025-05-01 05:03:00,23.79,23.79,23.78,23.78,0.0,0.0,2
2025-05-01 05:04:00,23.78,23.78,23.78,23.78,0.0,0.0,0
2025-05-01 05:05:00,23.78,23.78,23.78,23.78,0.0,0.0,0
2025-05-01 05:06:00,23.77,23.78,23.77,23.77,0.0,0.0,3
2025-05-01 05:07:00,23.76,23.77,23.74,23.74,0.0,0.0,4
2025-05-01 05:08:00,23.75,23.75,23.75,23.75,0.0,0.0,1
2025-05-01 05:09:00,23.77,23.79,23.77,23.79,0.0,0.0,2
2025-05-01 05:10:00,23.81,23.81,23.8,23.8,0.0,0.0,2
2025-05-01 05:11:00,23.79,23.79,23.79,23.79,0.0,0.0,1
2025-05-01 05:12:00,23.78,23.78,23.78,23.78,0.0,0.0,1
2025-05-01 05:13:00,23.77,23.77,23.77,23.77,0.0,0.0,1
2025-05-01 05:14:00,23.77,23.77,23.77,23.77,0.0,0.0,0
2025-05-01 05:15:00,23.76,23.78,23.76,23.78,0.0,0.0,2
2025-05-01 05:16:00,23.79,23.82,23.79,23.82,0.0,0.0,2
2025-05-01 05:17:00,23.8,23.81,23.76,23.77,0.0,0.0,4
2025-05-01 05:18:00,23.78,23.78,23.78,23.78,0.0,0.0,1
2025-05-01 05:19:00,23.77,23.77,23.76,23.76,0.0,0.0,2
2025-05-01 05:20:00,23.75,23.75,23.75,23.75,0.0,0.0,1
2025-05-01 05:21:00,23.76,23.77,23.76,23.77,0.0,0.0,2
2025-05-01 05:22:00,23.78,23.79,23.78,23.79,0.0,0.0,2
2025-05-01 05:23:00,23.8,23.82,23.8,23.82,0.0,0.0,2
2025-05-01 05:24:00,23.83,23.84,23.83,23.83,0.0,0.0,3
2025-05-01 05:25:00,23.85,23.86,23.85,23.86,0.0,0.0,2
2025-05-01 05:26:00,23.85,23.85,23.84,23.84,0.0,0.0,2
2025-05-01 05:27:00,23.83,23.83,23.82,23.82,0.0,0.0,2
2025-05-01 05:28:00,23.81,23.82,23.81,23.82,0.0,0.0,2
2025-05-01 05:29:00,23.8,23.8,23.77,23.77,0.0,0.0,3
2025-05-01 05:30:00,23.78,23.78,23.77,23.77,0.0,0.0,2
2025-05-01 05:31:00,23.76,23.76,23.7,23.75,0.0,0.0,4
2025-05-01 05:32:00,23.73,23.73,23.71,23.71,0.0,0.0,3
2025-05-01 05:33:00,23.7,23.71,23.7,23.71,0.0,0.0,2
2025-05-01 05:34:00,23.73,23.73,23.73,23.73,0.0,0.0,1
2025-05-01 05:35:00,23.72,23.72,23.72,23.72,0.0,0.0,1
2025-05-01 05:36:00,23.72,23.72,23.72,23.72,0.0,0.0,0
2025-05-01 05:37:00,23.71,23.71,23.71,23.71,0.0,0.0,1
2025-05-01 05:38:00,23.71,23.71,23.71,23.71,0.0,0.0,0
2025-05-01 05:39:00,23.72,23.74,23.72,23.74,0.0,0.0,3
2025-05-01 05:40:00,23.75,23.77,23.75,23.77,0.0,0.0,3
2025-05-01 05:41:00,23.81,23.81,23.81,23.81,0.0,0.0,1
2025-05-01 05:42:00,23.8,23.8,23.78,23.78,0.0,0.0,2
2025-05-01 05:43:00,23.79,23.79,23.73,23.73,0.0,0.0,3
2025-05-01 05:44:00,23.76,23.76,23.76,23.76,0.0,0.0,1
2025-05-01 05:45:00,23.75,23.75,23.75,23.75,0.0,0.0,1
2025-05-01 05:46:00,23.76,23.76,23.76,23.76,0.0,0.0,1
2025-05-01 05:47:00,23.75,23.75,23.73,23.73,0.0,0.0,3
2025-05-01 05:48:00,23.74,23.76,23.74,23.75,0.0,0.0,4
2025-05-01 05:49:00,23.74,23.74,23.74,23.74,0.0,0.0,1
2025-05-01 05:50:00,23.73,23.74,23.73,23.74,0.0,0.0,2
2025-05-01 05:51:00,23.73,23.73,23.73,23.73,0.0,0.0,1
2025-05-01 05:52:00,23.68,23.68,23.68,23.68,0.0,0.0,1
2025-05-01 05:53:00,23.69,23.69,23.68,23.68,0.0,0.0,2
2025-05-01 05:54:00,23.67,23.68,23.67,23.68,0.0,0.0,2
2025-05-01 05:55:00,23.69,23.69,23.69,23.69,0.0,0.0,1
2025-05-01 05:56:00,23.7,23.7,23.7,23.7,0.0,0.0,1
2025-05-01 05:57:00,23.69,23.69,23.69,23.69,0.0,0.0,1
2025-05-01 05:58:00,23.7,23.7,23.69,23.69,0.0,0.0,2
2025-05-01 05:59:00,23.69,23.69,23.69,23.69,0.0,0.0,0
2025-05-01 06:00:00,23.7,23.7,23.69,23.69,0.0,0.0,2
2025-05-01 06:01:00,23.68,23.68,23.67,23.68,0.0,0.0,3
2025-05-01 06:02:00,23.71,23.76,23.71,23.76,0.0,0.0,3
2025-05-01 06:03:00,23.74,23.74,23.73,23.74,0.0,0.0,3
2025-05-01 06:04:00,23.75,23.76,23.75,23.76,0.0,0.0,2
2025-05-01 06:05:00,23.75,23.78,23.75,23.78,0.0,0.0,3
2025-05-01 06:06:00,23.77,23.78,23.74,23.78,0.0,0.0,3
2025-05-01 06:07:00,23.79,23.79,23.75,23.75,0.0,0.0,3
2025-05-01 06:08:00,23.74,23.74,23.74,23.74,0.0,0.0,1
2025-05-01 06:09:00,23.7,23.72,23.7,23.71,0.0,0.0,3
2025-05-01 06:10:00,23.73,23.73,23.71,23.73,0.0,0.0,4
2025-05-01 06:11:00,23.72,23.72,23.71,23.71,0.0,0.0,2
2025-05-01 06:12:00,23.72,23.76,23.72,23.74,0.0,0.0,4
2025-05-01 06:13:00,23.75,23.75,23.75,23.75,0.0,0.0,1
2025-05-01 06:14:00,23.74,23.74,23.74,23.74,0.0,0.0,1
2025-05-01 06:15:00,23.73,23.73,23.72,23.72,0.0,0.0,2
2025-05-01 06:16:00,23.73,23.73,23.72,23.72,0.0,0.0,2
2025-05-01 06:17:00,23.71,23.71,23.71,23.71,0.0,0.0,1
2025-05-01 06:18:00,23.74,23.75,23.74,23.75,0.0,0.0,2
2025-05-01 06:19:00,23.74,23.74,23.71,23.71,0.0,0.0,4
2025-05-01 06:20:00,23.72,23.76,23.72,23.76,0.0,0.0,4
2025-05-01 06:21:00,23.77,23.77,23.76,23.77,0.0,0.0,3
2025-05-01 06:22:00,23.78,23.79,23.78,23.79,0.0,0.0,2
2025-05-01 06:23:00,23.8,23.81,23.79,23.79,0.0,0.0,4
2025-05-01 06:24:00,23.8,23.8,23.78,23.78,0.0,0.0,3
2025-05-01 06:25:00,23.79,23.79,23.79,23.79,0.0,0.0,1
2025-05-01 06:26:00,23.82,23.83,23.82,23.83,0.0,0.0,2
2025-05-01 06:27:00,23.84,23.84,23.83,23.83,0.0,0.0,2
2025-05-01 06:28:00,23.84,23.84,23.81,23.81,0.0,0.0,2
2025-05-01 06:29:00,23.82,23.84,23.82,23.83,0.0,0.0,3
2025-05-01 06:30:00,23.84,23.84,23.84,23.84,0.0,0.0,1
2025-05-01 06:31:00,23.86,23.88,23.86,23.86,0.0,0.0,3
2025-05-01 06:32:00,23.88,23.88,23.86,23.86,0.0,0.0,3
2025-05-01 06:33:00,23.84,23.84,23.84,23.84,0.0,0.0,1
2025-05-01 06:34:00,23.83,23.84,23.83,23.83,0.0,0.0,3
2025-05-01 06:35:00,23.87,23.9,23.87,23.9,0.0,0.0,2
2025-05-01 06:36:00,23.87,23.87,23.87,23.87,0.0,0.0,1
2025-05-01 06:37:00,23.86,23.86,23.86,23.86,0.0,0.0,1
2025-05-01 06:38:00,23.86,23.86,23.86,23.86,0.0,0.0,0
2025-05-01 06:39:00,23.86,23.86,23.86,23.86,0.0,0.0,0
2025-05-01 06:40:00,23.88,23.89,23.88,23.89,0.0,0.0,2
2025-05-01 06:41:00,23.88,23.88,23.87,23.87,0.0,0.0,2
2025-05-01 06:42:00,23.87,23.87,23.87,23.87,0.0,0.0,0
2025-05-01 06:43:00,23.86,23.88,23.86,23.88,0.0,0.0,2
2025-05-01 06:44:00,23.88,23.88,23.88,23.88,0.0,0.0,0
2025-05-01 06:45:00,23.91,23.91,23.91,23.91,0.0,0.0,1
2025-05-01 06:46:00,23.94,23.96,23.94,23.96,0.0,0.0,4
2025-05-01 06:47:00,23.96,23.96,23.96,23.96,0.0,0.0,0
2025-05-01 06:48:00,23.95,23.95,23.91,23.91,0.0,0.0,3
2025-05-01 06:49:00,23.92,23.93,23.91,23.91,0.0,0.0,3
2025-05-01 06:50:00,23.91,23.91,23.91,23.91,0.0,0.0,0
2025-05-01 06:51:00,23.9,23.92,23.9,23.92,0.0,0.0,3
2025-05-01 06:52:00,23.96,23.96,23.94,23.95,0.0,0.0,4
2025-05-01 06:53:00,23.93,23.93,23.92,23.92,0.0,0.0,2
2025-05-01 06:54:00,23.93,23.93,23.9,23.9,0.0,0.0,3
2025-05-01 06:55:00,23.89,23.89,23.86,23.86,0.0,0.0,2
2025-05-01 06:56:00,23.87,23.87,23.86,23.87,0.0,0.0,3
2025-05-01 06:57:00,23.86,23.86,23.85,23.85,0.0,0.0,2
2025-05-01 06:58:00,23.86,23.86,23.86,23.86,0.0,0.0,1
2025-05-01 06:59:00,23.85,23.86,23.85,23.86,0.0,0.0,2
2025-05-01 07:00:00,23.91,23.93,23.91,23.93,0.0,0.0,2
2025-05-01 07:01:00,23.91,23.91,23.89,23.89,0.0,0.0,3
2025-05-01 07:02:00,23.88,23.88,23.86,23.86,0.0,0.0,3
2025-05-01 07:03:00,23.83,23.83,23.78,23.78,0.0,0.0,3
2025-05-01 07:04:00,23.77,23.78,23.77,23.78,0.0,0.0,2
2025-05-01 07:05:00,23.78,23.78,23.78,23.78,0.0,0.0,0
2025-05-01 07:06:00,23.79,23.79,23.78,23.78,0.0,0.0,2
2025-05-01 07:07:00,23.79,23.79,23.74,23.74,0.0,0.0,4
2025-05-01 07:08:00,23.75,23.78,23.75,23.78,0.0,0.0,4
2025-05-01 07:09:00,23.77,23.77,23.76,23.76,0.0,0.0,2
2025-05-01 07:10:00,23.75,23.75,23.74,23.74,0.0,0.0,2
2025-05-01 07:11:00,23.73,23.73,23.71,23.71,0.0,0.0,2
2025-05-01 07:12:00,23.72,23.72,23.72,23.72,0.0,0.0,1
2025-05-01 07:13:00,23.71,23.78,23.71,23.78,0.0,0.0,3
2025-05-01 07:14:00,23.77,23.78,23.77,23.78,0.0,0.0,2
2025-05-01 07:15:00,23.79,23.83,23.79,23.83,0.0,0.0,3
2025-05-01 07:16:00,23.81,23.82,23.81,23.82,0.0,0.0,2
2025-05-01 07:17:00,23.85,23.85,23.83,23.84,0.0,0.0,3
2025-05-01 07:18:00,23.86,23.93,23.86,23.93,0.0,0.0,2
2025-05-01 07:19:00,23.94,23.94,23.92,23.92,0.0,0.0,3
2025-05-01 07:20:00,23.95,23.99,23.95,23.99,0.0,0.0,4
2025-05-01 07:21:00,24.02,24.07,24.02,24.07,0.0,0.0,4
2025-05-01 07:22:00,24.06,24.08,24.06,24.06,0.0,0.0,4
2025-05-01 07:23:00,24.07,24.09,24.07,24.09,0.0,0.0,3
2025-05-01 07:24:00,24.11,24.11,24.1,24.1,0.0,0.0,2
2025-05-01 07:25:00,24.11,24.13,24.11,24.13,0.0,0.0,3
2025-05-01 07:26:00,24.1,24.1,24.1,24.1,0.0,0.0,1
2025-05-01 07:27:00,24.11,24.12,24.1,24.12,0.0,0.0,3
2025-05-01 07:28:00,24.13,24.13,24.11,24.11,0.0,0.0,2
2025-05-01 07:29:00,24.11,24.11,24.11,24.11,0.0,0.0,0
2025-05-01 07:30:00,24.1,24.1,24.06,24.06,0.0,0.0,2
2025-05-01 07:31:00,24.07,24.07,24.02,24.02,0.0,0.0,4
2025-05-01 07:32:00,23.98,23.98,23.95,23.95,0.0,0.0,3
2025-05-01 07:33:00,23.98,24.01,23.98,24.01,0.0,0.0,4
2025-05-01 07:34:00,23.99,23.99,23.97,23.97,0.0,0.0,2
2025-05-01 07:35:00,23.99,23.99,23.98,23.99,0.0,0.0,3
2025-05-01 07:36:00,23.98,23.98,23.95,23.95,0.0,0.0,3
2025-05-01 07:37:00,23.96,23.97,23.96,23.97,0.0,0.0,2
2025-05-01 07:38:00,23.98,24.02,23.98,24.02,0.0,0.0,4
2025-05-01 07:39:00,24.01,24.05,24.01,24.02,0.0,0.0,4
2025-05-01 07:40:00,24.01,24.06,24.01,24.06,0.0,0.0,3
2025-05-01 07:41:00,24.05,24.05,24.03,24.03,0.0,0.0,3
2025-05-01 07:42:00,24.0,24.0,23.98,23.98,0.0,0.0,3
2025-05-01 07:43:00,23.98,23.98,23.98,23.98,0.0,0.0,0
2025-05-01 07:44:00,24.0,24.0,23.99,23.99,0.0,0.0,2
2025-05-01 07:45:00,23.97,23.97,23.96,23.96,0.0,0.0,2
2025-05-01 07:46:00,23.97,23.98,23.97,23.97,0.0,0.0,3
2025-05-01 07:47:00,23.95,23.95,23.93,23.93,0.0,0.0,3
2025-05-01 07:48:00,23.94,23.95,23.91,23.91,0.0,0.0,4
2025-05-01 07:49:00,23.92,23.93,23.92,23.93,0.0,0.0,2
2025-05-01 07:50:00,23.94,23.96,23.94,23.96,0.0,0.0,2
2025-05-01 07:51:00,23.94,23.94,23.92,23.92,0.0,0.0,3
2025-05-01 07:52:00,23.9,23.9,23.88,23.88,0.0,0.0,3
2025-05-01 07:53:00,23.87,23.88,23.86,23.88,0.0,0.0,3
2025-05-01 07:54:00,23.9,23.9,23.9,23.9,0.0,0.0,1
2025-05-01 07:55:00,23.92,23.92,23.9,23.9,0.0,0.0,2
2025-05-01 07:56:00,23.91,23.92,23.91,23.92,0.0,0.0,4
2025-05-01 07:57:00,23.91,23.92,23.91,23.92,0.0,0.0,2
2025-05-01 07:58:00,23.94,23.94,23.94,23.94,0.0,0.0,1
2025-05-01 07:59:00,23.93,23.94,23.93,23.94,0.0,0.0,2
2025-05-01 08:00:00,23.9,24.01,23.9,24.01,0.0,0.0,4
2025-05-01 08:01:00,23.99,23.99,23.97,23.99,0.0,0.0,4
2025-05-01 08:02:00,24.0,24.01,24.0,24.01,0.0,0.0,4
2025-05-01 08:03:00,24.02,24.02,23.99,23.99,0.0,0.0,3
2025-05-01 08:04:00,24.0,24.0,23.97,23.98,0.0,0.0,3
2025-05-01 08:05:00,23.94,23.94,23.93,23.93,0.0,0.0,2
2025-05-01 08:06:00,23.92,23.96,23.92,23.94,0.0,0.0,4
2025-05-01 08:07:00,23.94,23.94,23.94,23.94,0.0,0.0,0
2025-05-01 08:08:00,23.97,23.98,23.96,23.98,0.0,0.0,4
2025-05-01 08:09:00,23.97,23.98,23.95,23.95,0.0,0.0,3
2025-05-01 08:10:00,23.93,23.95,23.93,23.95,0.0,0.0,2
2025-05-01 08:11:00,23.94,23.96,23.94,23.96,0.0,0.0,3
2025-05-01 08:12:00,23.92,23.92,23.88,23.88,0.0,0.0,3
2025-05-01 08:13:00,23.86,23.86,23.83,23.85,0.0,0.0,4
2025-05-01 08:14:00,23.86,23.89,23.86,23.89,0.0,0.0,3
2025-05-01 08:15:00,23.88,23.88,23.85,23.85,0.0,0.0,4
2025-05-01 08:16:00,23.84,23.87,23.84,23.87,0.0,0.0,2
2025-05-01 08:17:00,23.85,23.87,23.85,23.86,0.0,0.0,3
2025-05-01 08:18:00,23.85,23.85,23.84,23.84,0.0,0.0,2
2025-05-01 08:19:00,23.85,23.86,23.84,23.86,0.0,0.0,4
2025-05-01 08:20:00,23.85,23.86,23.85,23.85,0.0,0.0,3
2025-05-01 08:21:00,23.86,23.88,23.85,23.88,0.0,0.0,3
2025-05-01 08:22:00,23.9,23.94,23.89,23.94,0.0,0.0,4
2025-05-01 08:23:00,23.95,23.96,23.95,23.96,0.0,0.0,2
2025-05-01 08:24:00,23.95,23.99,23.95,23.99,0.0,0.0,3
2025-05-01 08:25:00,23.98,23.98,23.98,23.98,0.0,0.0,1
2025-05-01 08:26:00,23.97,24.04,23.97,24.04,0.0,0.0,4
2025-05-01 08:27:00,24.06,24.06,24.06,24.06,0.0,0.0,1
2025-05-01 08:28:00,24.09,24.11,24.09,24.1,0.0,0.0,4
2025-05-01 08:29:00,24.11,24.12,24.1,24.1,0.0,0.0,3
2025-05-01 08:30:00,24.0,24.26,24.0,24.26,0.0,0.0,4
2025-05-01 08:31:00,24.25,24.25,24.16,24.16,0.0,0.0,4
2025-05-01 08:32:00,24.11,24.11,24.09,24.09,0.0,0.0,4
2025-05-01 08:33:00,24.08,24.08,24.03,24.07,0.0,0.0,3
2025-05-01 08:34:00,24.1,24.11,24.09,24.11,0.0,0.0,3
2025-05-01 08:35:00,24.13,24.14,24.13,24.13,0.0,0.0,3
2025-05-01 08:36:00,24.1,24.13,24.08,24.11,0.0,0.0,4
2025-05-01 08:37:00,24.1,24.12,24.1,24.1,0.0,0.0,3
2025-05-01 08:38:00,24.12,24.16,24.12,24.14,0.0,0.0,4
2025-05-01 08:39:00,24.16,24.16,24.15,24.15,0.0,0.0,2
2025-05-01 08:40:00,24.16,24.16,24.13,24.14,0.0,0.0,4
2025-05-01 08:41:00,24.12,24.12,24.1,24.1,0.0,0.0,3
2025-05-01 08:42:00,24.09,24.11,24.09,24.11,0.0,0.0,3
2025-05-01 08:43:00,24.1,24.11,24.1,24.11,0.0,0.0,2
2025-05-01 08:44:00,24.12,24.14,24.12,24.14,0.0,0.0,2
2025-05-01 08:45:00,24.13,24.14,24.13,24.13,0.0,0.0,3
2025-05-01 08:46:00,24.1,24.11,24.08,24.11,0.0,0.0,4
2025-05-01 08:47:00,24.12,24.12,24.11,24.11,0.0,0.0,2
2025-05-01 08:48:00,24.12,24.13,24.12,24.12,0.0,0.0,3
2025-05-01 08:49:00,24.11,24.14,24.11,24.14,0.0,0.0,3
2025-05-01 08:50:00,24.13,24.2,24.13,24.18,0.0,0.0,4
2025-05-01 08:51:00,24.15,24.15,24.13,24.15,0.0,0.0,4
2025-05-01 08:52:00,24.16,24.21,24.16,24.21,0.0,0.0,4
2025-05-01 08:53:00,24.17,24.18,24.17,24.18,0.0,0.0,2
2025-05-01 08:54:00,24.19,24.19,24.17,24.17,0.0,0.0,2
2025-05-01 08:55:00,24.18,24.18,24.18,24.18,0.0,0.0,1
2025-05-01 08:56:00,24.19,24.19,24.19,24.19,0.0,0.0,1
2025-05-01 08:57:00,24.21,24.23,24.21,24.23,0.0,0.0,2
2025-05-01 08:58:00,24.26,24.27,24.25,24.27,0.0,0.0,3
2025-05-01 08:59:00,24.28,24.28,24.25,24.28,0.0,0.0,4
2025-05-01 09:00:00,24.3,24.35,24.29,24.29,0.0,0.0,4
2025-05-01 09:01:00,24.28,24.34,24.28,24.34,0.0,0.0,4
2025-05-01 09:02:00,24.35,24.35,24.34,24.34,0.0,0.0,2
2025-05-01 09:03:00,24.38,24.38,24.36,24.36,0.0,0.0,2
2025-05-01 09:04:00,24.37,24.39,24.37,24.38,0.0,0.0,4
2025-05-01 09:05:00,24.4,24.4,24.36,24.36,0.0,0.0,2
2025-05-01 09:06:00,24.35,24.35,24.3,24.3,0.0,0.0,3
2025-05-01 09:07:00,24.31,24.31,24.25,24.26,0.0,0.0,4
2025-05-01 09:08:00,24.25,24.27,24.25,24.27,0.0,0.0,3
2025-05-01 09:09:00,24.26,24.26,24.23,24.23,0.0,0.0,3
2025-05-01 09:10:00,24.22,24.22,24.22,24.22,0.0,0.0,1
2025-05-01 09:11:00,24.23,24.23,24.21,24.21,0.0,0.0,3
2025-05-01 09:12:00,24.2,24.22,24.2,24.21,0.0,0.0,3
2025-05-01 09:13:00,24.22,24.23,24.22,24.23,0.0,0.0,2
2025-05-01 09:14:00,24.27,24.27,24.17,24.17,0.0,0.0,4
2025-05-01 09:30:00,24.17,24.17,24.17,24.17,0.0,0.0,0
2025-05-01 09:31:00,24.0,24.06,23.95,24.06,0.0,0.0,4
2025-05-01 09:32:00,24.21,24.21,24.07,24.12,0.0,0.0,4
2025-05-01 09:33:00,24.2,24.21,24.12,24.21,0.0,0.0,4
2025-05-01 09:34:00,24.23,24.29,24.23,24.29,0.0,0.0,4
2025-05-01 09:35:00,24.3,24.31,24.25,24.25,0.0,0.0,3
2025-05-01 09:36:00,24.23,24.26,24.13,24.13,0.0,0.0,3
2025-05-01 09:37:00,24.06,24.11,24.02,24.11,0.0,0.0,4
2025-05-01 09:38:00,24.02,24.07,24.02,24.07,0.0,0.0,3
2025-05-01 09:39:00,24.17,24.33,24.17,24.3,0.0,0.0,4
2025-05-01 09:40:00,24.27,24.27,24.21,24.21,0.0,0.0,2
2025-05-01 09:41:00,24.26,24.42,24.26,24.42,0.0,0.0,4
2025-05-01 09:42:00,24.34,24.38,24.33,24.37,0.0,0.0,4
2025-05-01 09:43:00,24.41,24.41,24.41,24.41,0.0,0.0,1
2025-05-01 09:44:00,24.39,24.4,24.27,24.27,0.0,0.0,4
2025-05-01 09:45:00,24.3,24.3,24.19,24.19,0.0,0.0,4
2025-05-01 09:46:00,24.24,24.24,24.21,24.21,0.0,0.0,4
2025-05-01 09:47:00,24.2,24.23,24.17,24.17,0.0,0.0,4
2025-05-01 09:48:00,24.13,24.13,24.12,24.13,0.0,0.0,3
2025-05-01 09:49:00,24.11,24.17,24.11,24.17,0.0,0.0,3
2025-05-01 09:50:00,24.16,24.21,24.13,24.18,0.0,0.0,4
2025-05-01 09:51:00,24.13,24.19,24.11,24.19,0.0,0.0,4
2025-05-01 09:52:00,24.11,24.22,24.11,24.22,0.0,0.0,4
2025-05-01 09:53:00,24.17,24.18,24.15,24.18,0.0,0.0,3
2025-05-01 09:54:00,24.24,24.27,24.22,24.27,0.0,0.0,3
2025-05-01 09:55:00,24.28,24.42,24.28,24.42,0.0,0.0,4
2025-05-01 09:56:00,24.37,24.44,24.37,24.44,0.0,0.0,4
2025-05-01 09:57:00,24.43,24.54,24.43,24.54,0.0,0.0,4
2025-05-01 09:58:00,24.55,24.69,24.55,24.68,0.0,0.0,4
2025-05-01 09:59:00,24.66,24.69,24.65,24.69,0.0,0.0,3
2025-05-01 10:00:00,24.49,24.6,24.49,24.55,0.0,0.0,3
2025-05-01 10:01:00,24.6,24.7,24.6,24.64,0.0,0.0,4
2025-05-01 10:02:00,24.56,24.65,24.52,24.52,0.0,0.0,4
2025-05-01 10:03:00,24.49,24.49,24.36,24.39,0.0,0.0,4
2025-05-01 10:04:00,24.35,24.35,24.29,24.33,0.0,0.0,4
2025-05-01 10:05:00,24.3,24.3,24.17,24.17,0.0,0.0,4
2025-05-01 10:06:00,24.18,24.21,24.12,24.16,0.0,0.0,4
2025-05-01 10:07:00,24.23,24.27,24.17,24.27,0.0,0.0,4
2025-05-01 10:08:00,24.25,24.34,24.25,24.27,0.0,0.0,4
2025-05-01 10:09:00,24.23,24.32,24.23,24.3,0.0,0.0,4
2025-05-01 10:10:00,24.34,24.34,24.27,24.27,0.0,0.0,3
2025-05-01 10:11:00,24.33,24.33,24.29,24.29,0.0,0.0,3
2025-05-01 10:12:00,24.24,24.32,24.24,24.27,0.0,0.0,4
2025-05-01 10:13:00,24.24,24.24,24.14,24.14,0.0,0.0,4
2025-05-01 10:14:00,24.07,24.07,24.04,24.04,0.0,0.0,3
2025-05-01 10:15:00,24.02,24.02,23.9,23.9,0.0,0.0,4
2025-05-01 10:16:00,23.93,24.03,23.93,24.03,0.0,0.0,4
2025-05-01 10:17:00,24.05,24.06,23.99,23.99,0.0,0.0,4
2025-05-01 10:18:00,23.97,24.02,23.97,24.02,0.0,0.0,4
2025-05-01 10:19:00,24.03,24.07,24.03,24.07,0.0,0.0,3
2025-05-01 10:20:00,24.12,24.12,24.08,24.08,0.0,0.0,2
2025-05-01 10:21:00,24.06,24.08,24.05,24.06,0.0,0.0,4
2025-05-01 10:22:00,24.03,24.03,23.95,23.98,0.0,0.0,4
2025-05-01 10:23:00,23.97,23.97,23.91,23.92,0.0,0.0,4
2025-05-01 10:24:00,23.9,23.91,23.88,23.91,0.0,0.0,4
2025-05-01 10:25:00,23.9,23.92,23.9,23.92,0.0,0.0,3
2025-05-01 10:26:00,23.89,23.91,23.89,23.9,0.0,0.0,3
2025-05-01 10:27:00,23.87,23.88,23.86,23.88,0.0,0.0,3
2025-05-01 10:28:00,23.85,23.89,23.85,23.88,0.0,0.0,4
2025-05-01 10:29:00,23.85,23.89,23.85,23.86,0.0,0.0,4
2025-05-01 10:30:00,23.89,23.95,23.89,23.95,0.0,0.0,3
2025-05-01 10:31:00,23.98,24.06,23.98,24.06,0.0,0.0,3
2025-05-01 10:32:00,24.05,24.06,24.05,24.06,0.0,0.0,4
2025-05-01 10:33:00,24.03,24.08,24.03,24.07,0.0,0.0,4
2025-05-01 10:34:00,24.08,24.08,24.01,24.01,0.0,0.0,3
2025-05-01 10:35:00,23.96,23.98,23.96,23.96,0.0,0.0,3
2025-05-01 10:36:00,23.92,23.92,23.86,23.87,0.0,0.0,4
2025-05-01 10:37:00,23.86,23.86,23.84,23.86,0.0,0.0,4
2025-05-01 10:38:00,23.88,23.94,23.88,23.93,0.0,0.0,4
2025-05-01 10:39:00,23.91,23.91,23.87,23.87,0.0,0.0,3
2025-05-01 10:40:00,23.84,23.84,23.81,23.82,0.0,0.0,4
2025-05-01 10:41:00,23.81,23.82,23.81,23.82,0.0,0.0,2
2025-05-01 10:42:00,23.81,23.82,23.8,23.8,0.0,0.0,4
2025-05-01 10:43:00,23.82,23.86,23.81,23.86,0.0,0.0,4
2025-05-01 10:44:00,23.91,23.93,23.9,23.93,0.0,0.0,3
2025-05-01 10:45:00,23.94,23.94,23.91,23.92,0.0,0.0,3
2025-05-01 10:46:00,23.91,23.93,23.9,23.9,0.0,0.0,4
2025-05-01 10:47:00,23.91,23.92,23.89,23.89,0.0,0.0,3
2025-05-01 10:48:00,23.86,23.93,23.86,23.93,0.0,0.0,4
2025-05-01 10:49:00,23.95,23.95,23.92,23.92,0.0,0.0,4
2025-05-01 10:50:00,23.94,23.96,23.94,23.94,0.0,0.0,4
2025-05-01 10:51:00,23.95,23.97,23.95,23.95,0.0,0.0,4
2025-05-01 10:52:00,23.98,23.98,23.95,23.97,0.0,0.0,3
2025-05-01 10:53:00,23.98,23.98,23.98,23.98,0.0,0.0,1
2025-05-01 10:54:00,23.99,24.05,23.99,24.05,0.0,0.0,4
2025-05-01 10:55:00,23.99,23.99,23.93,23.95,0.0,0.0,4
2025-05-01 10:56:00,23.94,23.98,23.94,23.98,0.0,0.0,4
2025-05-01 10:57:00,23.97,23.98,23.97,23.97,0.0,0.0,3
2025-05-01 10:58:00,23.94,23.94,23.93,23.93,0.0,0.0,2
2025-05-01 10:59:00,23.91,23.91,23.9,23.91,0.0,0.0,3
2025-05-01 11:00:00,23.94,23.94,23.94,23.94,0.0,0.0,1
2025-05-01 11:01:00,23.97,24.02,23.97,24.02,0.0,0.0,2
2025-05-01 11:02:00,24.03,24.03,24.01,24.03,0.0,0.0,3
2025-05-01 11:03:00,24.02,24.06,24.02,24.04,0.0,0.0,4
2025-05-01 11:04:00,24.03,24.04,24.01,24.03,0.0,0.0,4
2025-05-01 11:05:00,24.0,24.0,23.98,23.98,0.0,0.0,2
2025-05-01 11:06:00,23.99,23.99,23.97,23.99,0.0,0.0,3
2025-05-01 11:07:00,23.98,24.04,23.98,24.04,0.0,0.0,2
2025-05-01 11:08:00,24.05,24.05,24.02,24.02,0.0,0.0,4
2025-05-01 11:09:00,24.04,24.05,23.99,23.99,0.0,0.0,4
2025-05-01 11:10:00,24.0,24.01,23.99,23.99,0.0,0.0,4
2025-05-01 11:11:00,24.0,24.0,23.98,23.99,0.0,0.0,3
2025-05-01 11:12:00,23.98,23.99,23.97,23.97,0.0,0.0,3
2025-05-01 11:13:00,23.98,23.98,23.96,23.96,0.0,0.0,3
2025-05-01 11:14:00,23.98,23.99,23.97,23.98,0.0,0.0,4
2025-05-01 11:15:00,23.95,24.0,23.77,24.0,0.0,0.0,4
2025-05-01 11:16:00,23.97,23.97,23.94,23.94,0.0,0.0,2
2025-05-01 11:17:00,23.96,23.96,23.96,23.96,0.0,0.0,1
2025-05-01 11:18:00,23.95,23.96,23.95,23.96,0.0,0.0,2
2025-05-01 11:19:00,23.97,23.98,23.96,23.96,0.0,0.0,4
2025-05-01 11:20:00,23.97,24.03,23.97,24.03,0.0,0.0,4
2025-05-01 11:21:00,23.97,24.01,23.97,23.98,0.0,0.0,4
2025-05-01 11:22:00,23.96,23.97,23.95,23.97,0.0,0.0,4
2025-05-01 11:23:00,23.98,23.98,23.97,23.97,0.0,0.0,2
2025-05-01 11:24:00,23.96,24.0,23.96,24.0,0.0,0.0,3
2025-05-01 11:25:00,23.94,23.98,23.94,23.98,0.0,0.0,2
2025-05-01 11:26:00,23.97,23.98,23.97,23.97,0.0,0.0,3
2025-05-01 11:27:00,23.99,23.99,23.96,23.96,0.0,0.0,2
2025-05-01 11:28:00,24.0,24.01,23.97,24.0,0.0,0.0,4
2025-05-01 11:29:00,24.01,24.05,24.01,24.05,0.0,0.0,4
2025-05-01 11:30:00,24.06,24.11,24.06,24.1,0.0,0.0,3
2025-05-01 11:31:00,24.05,24.09,24.05,24.09,0.0,0.0,4
2025-05-01 11:32:00,24.12,24.14,24.12,24.14,0.0,0.0,2
2025-05-01 11:33:00,24.11,24.11,24.05,24.05,0.0,0.0,3
2025-05-01 11:34:00,24.06,24.15,24.06,24.12,0.0,0.0,4
2025-05-01 11:35:00,24.14,24.14,24.05,24.05,0.0,0.0,4
2025-05-01 11:36:00,24.06,24.07,24.06,24.06,0.0,0.0,3
2025-05-01 11:37:00,24.05,24.05,24.03,24.03,0.0,0.0,3
2025-05-01 11:38:00,24.07,24.09,24.07,24.09,0.0,0.0,2
2025-05-01 11:39:00,24.08,24.16,24.08,24.16,0.0,0.0,4
2025-05-01 11:40:00,24.15,24.2,24.15,24.2,0.0,0.0,3
2025-05-01 11:41:00,24.18,24.19,24.13,24.13,0.0,0.0,4
2025-05-01 11:42:00,24.15,24.21,24.15,24.21,0.0,0.0,3
2025-05-01 11:43:00,24.22,24.24,24.22,24.24,0.0,0.0,3
2025-05-01 11:44:00,24.26,24.3,24.24,24.27,0.0,0.0,4
2025-05-01 11:45:00,24.26,24.27,24.26,24.27,0.0,0.0,2
2025-05-01 11:46:00,24.26,24.3,24.26,24.29,0.0,0.0,4
2025-05-01 11:47:00,24.26,24.31,24.26,24.29,0.0,0.0,3
2025-05-01 11:48:00,24.3,24.36,24.3,24.33,0.0,0.0,4
2025-05-01 11:49:00,24.31,24.38,24.31,24.38,0.0,0.0,4
2025-05-01 11:50:00,24.37,24.37,24.36,24.37,0.0,0.0,3
2025-05-01 11:51:00,24.39,24.42,24.39,24.42,0.0,0.0,2
2025-05-01 11:52:00,24.41,24.46,24.39,24.41,0.0,0.0,4
2025-05-01 11:53:00,24.39,24.39,24.37,24.38,0.0,0.0,3
2025-05-01 11:54:00,24.39,24.46,24.39,24.43,0.0,0.0,4
2025-05-01 11:55:00,24.45,24.61,24.45,24.61,0.0,0.0,4
2025-05-01 11:56:00,24.66,24.82,24.66,24.74,0.0,0.0,4
2025-05-01 11:57:00,24.77,24.85,24.77,24.81,0.0,0.0,4
2025-05-01 11:58:00,24.86,24.86,24.71,24.71,0.0,0.0,4
2025-05-01 11:59:00,24.69,24.78,24.69,24.76,0.0,0.0,4
2025-05-01 12:00:00,24.74,24.78,24.72,24.72,0.0,0.0,3
2025-05-01 12:01:00,24.67,24.72,24.67,24.72,0.0,0.0,4
2025-05-01 12:02:00,24.67,24.67,24.65,24.65,0.0,0.0,3
2025-05-01 12:03:00,24.67,24.79,24.67,24.79,0.0,0.0,4
2025-05-01 12:04:00,24.81,24.82,24.69,24.69,0.0,0.0,4
2025-05-01 12:05:00,24.73,24.73,24.7,24.71,0.0,0.0,3
2025-05-01 12:06:00,24.69,24.78,24.69,24.73,0.0,0.0,4
2025-05-01 12:07:00,24.72,24.72,24.69,24.69,0.0,0.0,3
2025-05-01 12:08:00,24.68,24.68,24.61,24.61,0.0,0.0,3
2025-05-01 12:09:00,24.62,24.62,24.59,24.59,0.0,0.0,3
2025-05-01 12:10:00,24.58,24.75,24.58,24.7,0.0,0.0,4
2025-05-01 12:11:00,24.75,24.79,24.75,24.77,0.0,0.0,3
2025-05-01 12:12:00,24.75,24.77,24.75,24.77,0.0,0.0,3
2025-05-01 12:13:00,24.81,24.84,24.81,24.82,0.0,0.0,4
2025-05-01 12:14:00,24.76,24.82,24.76,24.81,0.0,0.0,4
2025-05-01 12:15:00,24.86,24.99,24.86,24.99,0.0,0.0,4
2025-05-01 12:16:00,24.98,25.13,24.98,25.13,0.0,0.0,3
2025-05-01 12:17:00,25.18,25.18,25.02,25.02,0.0,0.0,4
2025-05-01 12:18:00,24.97,25.05,24.97,25.02,0.0,0.0,3
2025-05-01 12:19:00,25.03,25.06,25.02,25.06,0.0,0.0,4
2025-05-01 12:20:00,25.07,25.12,25.07,25.1,0.0,0.0,4
2025-05-01 12:21:00,25.04,25.09,25.04,25.05,0.0,0.0,4
2025-05-01 12:22:00,25.06,25.08,25.01,25.01,0.0,0.0,4
2025-05-01 12:23:00,25.05,25.07,25.03,25.03,0.0,0.0,3
2025-05-01 12:24:00,25.08,25.15,25.08,25.13,0.0,0.0,4
2025-05-01 12:25:00,25.15,25.15,24.95,24.95,0.0,0.0,4
2025-05-01 12:26:00,24.94,24.94,24.87,24.87,0.0,0.0,3
2025-05-01 12:27:00,24.84,24.91,24.84,24.89,0.0,0.0,3
2025-05-01 12:28:00,24.87,24.88,24.87,24.88,0.0,0.0,2
2025-05-01 12:29:00,24.89,24.9,24.83,24.83,0.0,0.0,4
2025-05-01 12:30:00,24.85,24.86,24.85,24.85,0.0,0.0,3
2025-05-01 12:31:00,24.83,24.83,24.75,24.78,0.0,0.0,3
2025-05-01 12:32:00,24.75,24.81,24.74,24.74,0.0,0.0,4
2025-05-01 12:33:00,24.75,24.75,24.73,24.73,0.0,0.0,2
2025-05-01 12:34:00,24.7,24.71,24.7,24.71,0.0,0.0,2
2025-05-01 12:35:00,24.7,24.72,24.7,24.72,0.0,0.0,3
2025-05-01 12:36:00,24.69,24.74,24.69,24.7,0.0,0.0,4
2025-05-01 12:37:00,24.71,24.71,24.62,24.62,0.0,0.0,4
2025-05-01 12:38:00,24.7,24.7,24.68,24.68,0.0,0.0,2
2025-05-01 12:39:00,24.71,24.72,24.71,24.72,0.0,0.0,2
2025-05-01 12:40:00,24.67,24.77,24.67,24.77,0.0,0.0,4
2025-05-01 12:41:00,24.75,24.89,24.75,24.88,0.0,0.0,4
2025-05-01 12:42:00,24.77,24.81,24.74,24.81,0.0,0.0,3
2025-05-01 12:43:00,24.83,24.83,24.73,24.73,0.0,0.0,4
2025-05-01 12:44:00,24.77,24.77,24.74,24.74,0.0,0.0,2
2025-05-01 12:45:00,24.72,24.76,24.72,24.75,0.0,0.0,3
2025-05-01 12:46:00,24.77,24.77,24.73,24.77,0.0,0.0,3
2025-05-01 12:47:00,24.78,24.82,24.78,24.8,0.0,0.0,3
2025-05-01 12:48:00,24.84,24.86,24.84,24.86,0.0,0.0,3
2025-05-01 12:49:00,24.88,24.94,24.88,24.94,0.0,0.0,3
2025-05-01 12:50:00,24.9,24.92,24.87,24.92,0.0,0.0,4
2025-05-01 12:51:00,24.82,24.87,24.82,24.87,0.0,0.0,3
2025-05-01 12:52:00,24.89,25.02,24.89,25.02,0.0,0.0,4
2025-05-01 12:53:00,25.0,25.01,25.0,25.01,0.0,0.0,2
2025-05-01 12:54:00,24.99,24.99,24.87,24.87,0.0,0.0,4
2025-05-01 12:55:00,24.95,24.97,24.93,24.93,0.0,0.0,3
2025-05-01 12:56:00,24.9,24.9,24.82,24.82,0.0,0.0,4
2025-05-01 12:57:00,24.88,24.88,24.84,24.87,0.0,0.0,4
2025-05-01 12:58:00,24.85,24.89,24.85,24.87,0.0,0.0,3
2025-05-01 12:59:00,24.86,24.86,24.85,24.86,0.0,0.0,3
2025-05-01 13:00:00,24.75,24.79,24.75,24.76,0.0,0.0,4
2025-05-01 13:01:00,24.77,24.77,24.68,24.68,0.0,0.0,3
2025-05-01 13:02:00,24.66,24.66,24.57,24.57,0.0,0.0,4
2025-05-01 13:03:00,24.53,24.53,24.43,24.43,0.0,0.0,4
2025-05-01 13:04:00,24.45,24.45,24.38,24.38,0.0,0.0,3
2025-05-01 13:05:00,24.36,24.42,24.35,24.42,0.0,0.0,4
2025-05-01 13:06:00,24.37,24.37,24.33,24.33,0.0,0.0,3
2025-05-01 13:07:00,24.35,24.35,24.23,24.23,0.0,0.0,4
2025-05-01 13:08:00,24.26,24.26,24.24,24.26,0.0,0.0,4
2025-05-01 13:09:00,24.25,24.25,24.22,24.22,0.0,0.0,3
2025-05-01 13:10:00,24.24,24.24,24.23,24.23,0.0,0.0,4
2025-05-01 13:11:00,24.25,24.29,24.24,24.29,0.0,0.0,4
2025-05-01 13:12:00,24.26,24.26,24.24,24.24,0.0,0.0,2
2025-05-01 13:13:00,24.23,24.24,24.21,24.21,0.0,0.0,3
2025-05-01 13:14:00,24.22,24.22,24.22,24.22,0.0,0.0,1
2025-05-01 13:15:00,24.18,24.18,24.15,24.15,0.0,0.0,3
2025-05-01 13:16:00,24.16,24.17,24.15,24.17,0.0,0.0,4
2025-05-01 13:17:00,24.13,24.13,24.11,24.11,0.0,0.0,3
2025-05-01 13:18:00,24.1,24.12,24.07,24.12,0.0,0.0,4
2025-05-01 13:19:00,24.1,24.11,24.1,24.11,0.0,0.0,2
2025-05-01 13:20:00,24.12,24.13,24.12,24.12,0.0,0.0,3
2025-05-01 13:21:00,24.1,24.12,24.1,24.11,0.0,0.0,3
2025-05-01 13:22:00,24.09,24.09,24.08,24.08,0.0,0.0,2
2025-05-01 13:23:00,24.06,24.06,24.06,24.06,0.0,0.0,1
2025-05-01 13:24:00,24.05,24.09,24.05,24.09,0.0,0.0,3
2025-05-01 13:25:00,24.11,24.11,24.08,24.09,0.0,0.0,3
2025-05-01 13:26:00,24.08,24.12,24.08,24.12,0.0,0.0,3
2025-05-01 13:27:00,24.17,24.28,24.17,24.28,0.0,0.0,4
2025-05-01 13:28:00,24.33,24.33,24.3,24.31,0.0,0.0,4
2025-05-01 13:29:00,24.28,24.28,24.19,24.27,0.0,0.0,4
2025-05-01 13:30:00,24.2,24.24,24.2,24.24,0.0,0.0,2
2025-05-01 13:31:00,24.18,24.18,24.16,24.17,0.0,0.0,3
2025-05-01 13:32:00,24.19,24.19,24.16,24.16,0.0,0.0,4
2025-05-01 13:33:00,24.16,24.16,24.16,24.16,0.0,0.0,0
2025-05-01 13:34:00,24.17,24.18,24.12,24.12,0.0,0.0,4
2025-05-01 13:35:00,24.1,24.13,24.1,24.13,0.0,0.0,3
2025-05-01 13:36:00,24.15,24.15,24.09,24.09,0.0,0.0,3
2025-05-01 13:37:00,24.12,24.14,24.12,24.14,0.0,0.0,2
2025-05-01 13:38:00,24.13,24.15,24.13,24.15,0.0,0.0,4
2025-05-01 13:39:00,24.17,24.25,24.17,24.24,0.0,0.0,4
2025-05-01 13:40:00,24.28,24.36,24.28,24.36,0.0,0.0,3
2025-05-01 13:41:00,24.33,24.4,24.33,24.38,0.0,0.0,4
2025-05-01 13:42:00,24.42,24.46,24.42,24.43,0.0,0.0,4
2025-05-01 13:43:00,24.47,24.47,24.44,24.44,0.0,0.0,2
2025-05-01 13:44:00,24.48,24.51,24.48,24.5,0.0,0.0,4
2025-05-01 13:45:00,24.48,24.48,24.44,24.47,0.0,0.0,4
2025-05-01 13:46:00,24.48,24.5,24.42,24.42,0.0,0.0,4
2025-05-01 13:47:00,24.36,24.39,24.34,24.39,0.0,0.0,3
2025-05-01 13:48:00,24.41,24.43,24.37,24.37,0.0,0.0,4
2025-05-01 13:49:00,24.33,24.33,24.31,24.31,0.0,0.0,4
2025-05-01 13:50:00,24.35,24.35,24.3,24.3,0.0,0.0,3
2025-05-01 13:51:00,24.28,24.32,24.27,24.32,0.0,0.0,4
2025-05-01 13:52:00,24.36,24.43,24.36,24.43,0.0,0.0,3
2025-05-01 13:53:00,24.44,24.44,24.39,24.42,0.0,0.0,4
2025-05-01 13:54:00,24.4,24.4,24.28,24.33,0.0,0.0,4
2025-05-01 13:55:00,24.32,24.35,24.32,24.32,0.0,0.0,3
2025-05-01 13:56:00,24.34,24.4,24.34,24.39,0.0,0.0,4
2025-05-01 13:57:00,24.37,24.37,24.28,24.28,0.0,0.0,3
2025-05-01 13:58:00,24.22,24.3,24.21,24.3,0.0,0.0,4
2025-05-01 13:59:00,24.29,24.29,24.27,24.29,0.0,0.0,3
2025-05-01 14:00:00,24.31,24.31,24.27,24.27,0.0,0.0,3
2025-05-01 14:01:00,24.25,24.25,24.18,24.21,0.0,0.0,3
2025-05-01 14:02:00,24.19,24.19,24.15,24.17,0.0,0.0,4
2025-05-01 14:03:00,24.16,24.16,24.16,24.16,0.0,0.0,1
2025-05-01 14:04:00,24.14,24.15,24.14,24.15,0.0,0.0,2
2025-05-01 14:05:00,24.11,24.12,24.11,24.11,0.0,0.0,3
2025-05-01 14:06:00,24.1,24.1,24.02,24.02,0.0,0.0,3
2025-05-01 14:07:00,24.01,24.01,24.0,24.0,0.0,0.0,2
2025-05-01 14:08:00,23.98,23.98,23.9,23.9,0.0,0.0,3
2025-05-01 14:09:00,23.88,23.88,23.82,23.85,0.0,0.0,4
2025-05-01 14:10:00,23.84,23.87,23.82,23.82,0.0,0.0,4
2025-05-01 14:11:00,23.81,23.82,23.8,23.8,0.0,0.0,3
2025-05-01 14:12:00,23.81,23.81,23.79,23.79,0.0,0.0,2
2025-05-01 14:13:00,23.8,23.82,23.8,23.82,0.0,0.0,4
2025-05-01 14:14:00,23.83,23.83,23.82,23.82,0.0,0.0,2
2025-05-01 14:15:00,23.81,23.81,23.72,23.72,0.0,0.0,4
2025-05-01 14:16:00,23.71,23.71,23.67,23.67,0.0,0.0,4
2025-05-01 14:17:00,23.68,23.68,23.68,23.68,0.0,0.0,1
2025-05-01 14:18:00,23.69,23.7,23.69,23.69,0.0,0.0,3
2025-05-01 14:19:00,23.72,23.74,23.72,23.72,0.0,0.0,4
2025-05-01 14:20:00,23.7,23.75,23.7,23.75,0.0,0.0,3
2025-05-01 14:21:00,23.76,23.79,23.76,23.79,0.0,0.0,3
2025-05-01 14:22:00,23.78,23.88,23.78,23.85,0.0,0.0,4
2025-05-01 14:23:00,23.84,23.84,23.82,23.84,0.0,0.0,3
2025-05-01 14:24:00,23.81,23.82,23.79,23.82,0.0,0.0,3
2025-05-01 14:25:00,23.86,23.86,23.84,23.84,0.0,0.0,2
2025-05-01 14:26:00,23.85,23.88,23.84,23.88,0.0,0.0,3
2025-05-01 14:27:00,23.84,23.84,23.82,23.82,0.0,0.0,2
2025-05-01 14:28:00,23.8,23.8,23.74,23.74,0.0,0.0,3
2025-05-01 14:29:00,23.72,23.72,23.7,23.7,0.0,0.0,3
2025-05-01 14:30:00,23.69,23.69,23.66,23.66,0.0,0.0,3
2025-05-01 14:31:00,23.63,23.63,23.62,23.62,0.0,0.0,2
2025-05-01 14:32:00,23.6,23.61,23.59,23.59,0.0,0.0,4
2025-05-01 14:33:00,23.67,23.67,23.6,23.6,0.0,0.0,2
2025-05-01 14:34:00,23.61,23.62,23.61,23.62,0.0,0.0,2
2025-05-01 14:35:00,23.63,23.66,23.63,23.66,0.0,0.0,2
2025-05-01 14:36:00,23.67,23.68,23.65,23.68,0.0,0.0,4
2025-05-01 14:37:00,23.64,23.64,23.62,23.63,0.0,0.0,4
2025-05-01 14:38:00,23.65,23.65,23.61,23.61,0.0,0.0,2
2025-05-01 14:39:00,23.62,23.64,23.6,23.6,0.0,0.0,3
2025-05-01 14:40:00,23.59,23.6,23.57,23.57,0.0,0.0,3
2025-05-01 14:41:00,23.56,23.58,23.56,23.58,0.0,0.0,3
2025-05-01 14:42:00,23.61,23.65,23.61,23.63,0.0,0.0,3
2025-05-01 14:43:00,23.6,23.6,23.59,23.59,0.0,0.0,2
2025-05-01 14:44:00,23.57,23.58,23.57,23.58,0.0,0.0,2
2025-05-01 14:45:00,23.55,23.55,23.48,23.48,0.0,0.0,2
2025-05-01 14:46:00,23.53,23.55,23.53,23.55,0.0,0.0,3
2025-05-01 14:47:00,23.59,23.62,23.58,23.62,0.0,0.0,4
2025-05-01 14:48:00,23.58,23.58,23.56,23.57,0.0,0.0,3
2025-05-01 14:49:00,23.56,23.56,23.53,23.54,0.0,0.0,3
2025-05-01 14:50:00,23.56,23.56,23.53,23.53,0.0,0.0,4
2025-05-01 14:51:00,23.56,23.56,23.56,23.56,0.0,0.0,1
2025-05-01 14:52:00,23.58,23.63,23.58,23.63,0.0,0.0,3
2025-05-01 14:53:00,23.62,23.62,23.54,23.56,0.0,0.0,4
2025-05-01 14:54:00,23.59,23.6,23.54,23.54,0.0,0.0,4
2025-05-01 14:55:00,23.56,23.56,23.52,23.52,0.0,0.0,4
2025-05-01 14:56:00,23.53,23.53,23.5,23.52,0.0,0.0,4
2025-05-01 14:57:00,23.53,23.53,23.53,23.53,0.0,0.0,1
2025-05-01 14:58:00,23.57,23.57,23.55,23.57,0.0,0.0,3
2025-05-01 14:59:00,23.55,23.58,23.54,23.58,0.0,0.0,3
2025-05-01 15:00:00,23.57,23.61,23.56,23.61,0.0,0.0,4
2025-05-01 15:01:00,23.62,23.64,23.62,23.64,0.0,0.0,3
2025-05-01 15:02:00,23.62,23.67,23.61,23.61,0.0,0.0,4
2025-05-01 15:03:00,23.59,23.59,23.53,23.53,0.0,0.0,3
2025-05-01 15:04:00,23.54,23.54,23.53,23.53,0.0,0.0,2
2025-05-01 15:05:00,23.52,23.56,23.51,23.54,0.0,0.0,4
2025-05-01 15:06:00,23.55,23.6,23.55,23.56,0.0,0.0,4
2025-05-01 15:07:00,23.55,23.59,23.55,23.59,0.0,0.0,4
2025-05-01 15:08:00,23.61,23.65,23.61,23.65,0.0,0.0,3
2025-05-01 15:09:00,23.63,23.71,23.63,23.71,0.0,0.0,3
2025-05-01 15:10:00,23.75,23.8,23.75,23.8,0.0,0.0,3
2025-05-01 15:11:00,23.79,23.79,23.75,23.78,0.0,0.0,4
2025-05-01 15:12:00,23.79,23.82,23.79,23.79,0.0,0.0,4
2025-05-01 15:13:00,23.8,23.8,23.71,23.71,0.0,0.0,4
2025-05-01 15:14:00,23.67,23.67,23.61,23.61,0.0,0.0,4
2025-05-01 15:15:00,23.62,23.64,23.61,23.64,0.0,0.0,4
2025-05-01 15:16:00,23.62,23.69,23.62,23.69,0.0,0.0,4
2025-05-01 15:17:00,23.7,23.72,23.68,23.71,0.0,0.0,4
2025-05-01 15:18:00,23.73,23.73,23.72,23.72,0.0,0.0,2
2025-05-01 15:19:00,23.68,23.7,23.68,23.68,0.0,0.0,3
2025-05-01 15:20:00,23.66,23.66,23.63,23.63,0.0,0.0,2
2025-05-01 15:21:00,23.61,23.7,23.61,23.7,0.0,0.0,3
2025-05-01 15:22:00,23.69,23.69,23.66,23.66,0.0,0.0,3
2025-05-01 15:23:00,23.69,23.7,23.67,23.67,0.0,0.0,4
2025-05-01 15:24:00,23.7,23.7,23.68,23.69,0.0,0.0,3
2025-05-01 15:25:00,23.68,23.68,23.65,23.65,0.0,0.0,3
2025-05-01 15:26:00,23.66,23.67,23.66,23.66,0.0,0.0,3
2025-05-01 15:27:00,23.65,23.65,23.65,23.65,0.0,0.0,1
2025-05-01 15:28:00,23.63,23.63,23.57,23.58,0.0,0.0,4
2025-05-01 15:29:00,23.59,23.59,23.55,23.55,0.0,0.0,3
2025-05-01 15:30:00,23.56,23.56,23.54,23.54,0.0,0.0,4
2025-05-01 15:31:00,23.53,23.53,23.5,23.53,0.0,0.0,4
2025-05-01 15:32:00,23.52,23.54,23.52,23.53,0.0,0.0,3
2025-05-01 15:33:00,23.5,23.52,23.5,23.52,0.0,0.0,4
2025-05-01 15:34:00,23.51,23.54,23.51,23.53,0.0,0.0,4
2025-05-01 15:35:00,23.55,23.58,23.55,23.58,0.0,0.0,4
2025-05-01 15:36:00,23.61,23.65,23.6,23.65,0.0,0.0,4
2025-05-01 15:37:00,23.62,23.62,23.55,23.55,0.0,0.0,4
2025-05-01 15:38:00,23.57,23.61,23.57,23.61,0.0,0.0,4
2025-05-01 15:39:00,23.62,23.65,23.62,23.65,0.0,0.0,2
2025-05-01 15:40:00,23.66,23.66,23.63,23.64,0.0,0.0,3
2025-05-01 15:41:00,23.63,23.66,23.63,23.66,0.0,0.0,4
2025-05-01 15:42:00,23.67,23.69,23.64,23.64,0.0,0.0,4
2025-05-01 15:43:00,23.61,23.61,23.58,23.58,0.0,0.0,2
2025-05-01 15:44:00,23.59,23.59,23.53,23.53,0.0,0.0,4
2025-05-01 15:45:00,23.51,23.51,23.49,23.49,0.0,0.0,2
2025-05-01 15:46:00,23.48,23.48,23.44,23.44,0.0,0.0,3
2025-05-01 15:47:00,23.42,23.43,23.35,23.35,0.0,0.0,4
2025-05-01 15:48:00,23.3,23.35,23.3,23.35,0.0,0.0,2
2025-05-01 15:49:00,23.31,23.34,23.31,23.32,0.0,0.0,4
2025-05-01 15:50:00,23.3,23.52,23.3,23.52,0.0,0.0,4
2025-05-01 15:51:00,23.56,23.6,23.56,23.6,0.0,0.0,3
2025-05-01 15:52:00,23.68,23.72,23.55,23.55,0.0,0.0,4
2025-05-01 15:53:00,23.6,23.62,23.58,23.6,0.0,0.0,4
2025-05-01 15:54:00,23.62,23.64,23.62,23.64,0.0,0.0,2
2025-05-01 15:55:00,23.67,23.88,23.67,23.83,0.0,0.0,4
2025-05-01 15:56:00,23.89,24.0,23.89,24.0,0.0,0.0,3
2025-05-01 15:57:00,23.87,23.93,23.87,23.93,0.0,0.0,4
2025-05-01 15:58:00,23.98,24.01,23.98,24.01,0.0,0.0,4
2025-05-01 15:59:00,24.13,24.24,24.07,24.24,0.0,0.0,4
2025-05-01 16:00:00,24.09,24.1,24.03,24.03,0.0,0.0,3
2025-05-01 16:01:00,23.91,24.2,23.91,24.2,0.0,0.0,4
2025-05-01 16:02:00,24.36,24.49,24.36,24.47,0.0,0.0,4
2025-05-01 16:03:00,24.52,24.52,24.47,24.47,0.0,0.0,3
2025-05-01 16:04:00,24.5,24.53,24.5,24.52,0.0,0.0,4
2025-05-01 16:05:00,24.61,24.61,24.51,24.52,0.0,0.0,4
2025-05-01 16:06:00,24.56,24.61,24.56,24.61,0.0,0.0,3
2025-05-01 16:07:00,24.66,24.66,24.62,24.66,0.0,0.0,4
2025-05-01 16:08:00,24.69,24.69,24.63,24.66,0.0,0.0,4
2025-05-01 16:09:00,24.71,24.71,24.66,24.67,0.0,0.0,3
2025-05-01 16:10:00,24.68,24.74,24.68,24.7,0.0,0.0,4
2025-05-01 16:11:00,24.68,24.72,24.68,24.69,0.0,0.0,4
2025-05-01 16:12:00,24.67,24.68,24.64,24.64,0.0,0.0,4
2025-05-01 16:13:00,24.61,24.61,24.57,24.57,0.0,0.0,3
2025-05-01 16:14:00,24.58,24.61,24.58,24.6,0.0,0.0,4
2025-05-01 16:15:00,24.6,24.6,24.6,24.6,0.0,0.0,0
2025-05-01 16:16:00,24.6,24.6,24.6,24.6,0.0,0.0,0
2025-05-01 16:17:00,24.6,24.6,24.6,24.6,0.0,0.0,0
2025-05-01 16:18:00,24.6,24.6,24.6,24.6,0.0,0.0,0
2025-05-01 16:19:00,24.6,24.6,24.6,24.6,0.0,0.0,0
2025-05-01 16:20:00,24.6,24.6,24.6,24.6,0.0,0.0,0
2025-05-01 16:21:00,24.6,24.6,24.6,24.6,0.0,0.0,0
2025-05-01 16:22:00,24.6,24.6,24.6,24.6,0.0,0.0,0
2025-05-01 16:23:00,24.6,24.6,24.6,24.6,0.0,0.0,0
2025-05-01 16:24:00,24.6,24.6,24.6,24.6,0.0,0.0,0
2025-05-01 16:25:00,24.6,24.6,24.6,24.6,0.0,0.0,0
2025-05-01 16:26:00,24.6,24.6,24.6,24.6,0.0,0.0,0
2025-05-01 16:27:00,24.6,24.6,24.6,24.6,0.0,0.0,0
2025-05-01 16:28:00,24.6,24.6,24.6,24.6,0.0,0.0,0
2025-05-01 16:29:00,24.6,24.6,24.6,24.6,0.0,0.0,0
2025-05-01 16:30:00,24.6,24.6,24.6,24.6,0.0,0.0,0
2025-05-01 16:31:00,24.6,24.6,24.6,24.6,0.0,0.0,0
2025-05-01 16:32:00,24.6,24.6,24.6,24.6,0.0,0.0,0
2025-05-01 16:33:00,24.6,24.6,24.6,24.6,0.0,0.0,0
2025-05-01 16:34:00,24.6,24.6,24.6,24.6,0.0,0.0,0
2025-05-01 16:35:00,24.6,24.6,24.6,24.6,0.0,0.0,0
2025-05-01 16:36:00,24.6,24.6,24.6,24.6,0.0,0.0,0
2025-05-01 16:37:00,24.6,24.6,24.6,24.6,0.0,0.0,0
2025-05-01 16:38:00,24.6,24.6,24.6,24.6,0.0,0.0,0
2025-05-01 16:39:00,24.6,24.6,24.6,24.6,0.0,0.0,0
2025-05-01 16:40:00,24.6,24.6,24.6,24.6,0.0,0.0,0
2025-05-01 16:41:00,24.6,24.6,24.6,24.6,0.0,0.0,0
2025-05-01 16:42:00,24.6,24.6,24.6,24.6,0.0,0.0,0
2025-05-01 16:43:00,24.6,24.6,24.6,24.6,0.0,0.0,0
2025-05-01 16:44:00,24.6,24.6,24.6,24.6,0.0,0.0,0
2025-05-01 16:45:00,24.6,24.6,24.6,24.6,0.0,0.0,0
2025-05-01 16:46:00,24.6,24.6,24.6,24.6,0.0,0.0,0
2025-05-01 16:47:00,24.6,24.6,24.6,24.6,0.0,0.0,0
2025-05-01 16:48:00,24.6,24.6,24.6,24.6,0.0,0.0,0
2025-05-01 16:49:00,24.6,24.6,24.6,24.6,0.0,0.0,0
2025-05-01 16:50:00,24.6,24.6,24.6,24.6,0.0,0.0,0
2025-05-01 16:51:00,24.6,24.6,24.6,24.6,0.0,0.0,0
2025-05-01 16:52:00,24.6,24.6,24.6,24.6,0.0,0.0,0
2025-05-01 16:53:00,24.6,24.6,24.6,24.6,0.0,0.0,0
2025-05-01 16:54:00,24.6,24.6,24.6,24.6,0.0,0.0,0
2025-05-01 16:55:00,24.6,24.6,24.6,24.6,0.0,0.0,0
2025-05-01 16:56:00,24.6,24.6,24.6,24.6,0.0,0.0,0
2025-05-01 16:57:00,24.6,24.6,24.6,24.6,0.0,0.0,0
2025-05-01 16:58:00,24.6,24.6,24.6,24.6,0.0,0.0,0
2025-05-01 16:59:00,24.6,24.6,24.6,24.6,0.0,0.0,0
